``````````````````
running test
            PROTOCOL: vote-on-majority-after-delay
            NUM_EPOCH: 2000
            SUPER_MAJORITY: 0.8
            NUM_VALIDATORS: 50
            D_REGULAR: 6
            Vote_as_block: True
            Immediate_vote: True
``````````````````
height of connected of nodes: 50
wait_fraction: 0.0
[286, 45, 57, 131, 476, 191]
[189, 126, 55, 56, 251, 412]
[59, 330, 33, 395, 43, 79]
[48, 85, 319, 100, 82, 51]
[95, 204, 257, 155, 89, 170]
[134, 81, 111, 175, 43, 54]
[59, 67, 273, 115, 27, 77]
[58, 276, 34, 581, 69, 28]
[15, 57, 296, 97, 197, 310]
[201, 57, 127, 31, 18, 206]
[148, 83, 65, 108, 92, 144]
[301, 240, 41, 121, 76, 143]
[1]
[86, 58, 30, 47, 21, 10]
[162, 66, 71, 46, 112, 174]
[216, 38, 92, 460, 54, 185]
[9, 63, 76, 240, 115, 219]
[1]
[238, 52, 60, 32, 43, 14]
[152, 91, 62, 22, 257, 23]
[169, 17, 56, 24, 71, 89]
[52, 216, 234, 88, 214, 11]
[91, 114, 72, 66, 90, 194]
[195, 281, 75, 176, 113, 52]
[49, 109, 35, 67, 27, 63]
[59, 87, 15, 66, 25, 106]
[48, 73, 77, 13, 81, 243]
[75, 195, 118, 281, 130, 21]
[23, 33, 25, 19, 71, 92]
[23, 164, 78, 170, 233, 33]
[202, 88, 96, 255, 402, 194]
[42, 117, 42, 72, 116, 240]
[59, 36, 50, 71, 197, 461]
[125, 64, 113, 162, 37, 114]
[117, 41, 32, 93, 171, 313]
[191, 33, 64, 100, 59, 239]
[100, 7, 51, 28, 131, 261]
[220, 161, 168, 23, 195, 7]
[4, 183, 91, 25, 118, 101]
[74, 70, 29, 11, 115, 46]
[21, 154, 131, 152, 39, 51]
[7, 385, 155, 25, 9, 106]
[71, 171, 33, 122, 17, 143]
[74, 415, 83, 75, 67, 153]
[160, 257, 74, 257, 101, 124]
[35, 81, 124, 98, 73, 46]
[24, 107, 166, 432, 66, 82]
[103, 145, 183, 161, 109, 77]
[61, 9, 54, 1017, 169, 70]
[60, 36, 64, 169, 331, 75]
[110, 128, 149, 111, 41, 66]
[193, 70, 119, 126, 131, 91]
[63, 56, 42, 97, 65, 20]
[27, 99, 53, 129, 532, 50]
[157, 287, 164, 203, 33, 98]
[61, 297, 121, 174, 99, 92]
[20, 34, 26, 28, 104, 322]
[46, 133, 77, 324, 149, 54]
[145, 111, 34, 122, 180, 297]
[91, 49, 279, 84, 40, 93]
[218, 28, 75, 85, 132, 96]
[224, 172, 243, 138, 52, 234]
[66, 33, 93, 91, 254, 249]
[405, 241, 28, 17, 44, 203]
[55, 299, 354, 169, 118, 32]
[127, 129, 39, 107, 48, 333]
[136, 240, 138, 175, 87, 179]
[258, 107, 111, 481, 257, 134]
[41, 41, 55, 358, 32, 58]
[357, 165, 43, 137, 352, 32]
[24, 100, 39, 64, 71, 43]
[99, 13, 15, 276, 428, 41]
[52, 6, 68, 33, 20, 40]
[13, 62, 54, 91, 14, 139]
[8, 265, 168, 251, 134, 271]
[138, 36, 74, 96, 58, 102]
[77, 85, 64, 89, 163, 137]
[114, 102, 80, 333, 64, 77]
[1, 150, 34, 198, 44, 99]
[176, 58, 2, 1, 14, 276]
[51, 35, 96, 302, 37, 257]
[122, 92, 152, 227, 289, 92]
[64, 59, 81, 36, 140, 59]
[195, 18, 100, 24, 79, 175]
[64, 31, 131, 66, 25, 141]
[11, 46, 69, 47, 198, 68]
[357, 140, 206, 68, 210, 119]
[29, 121, 54, 315, 105, 78]
[287, 236, 188, 104, 235, 57]
[106, 63, 141, 68, 181, 75]
[25, 28, 141, 18, 73, 45]
[253, 53, 213, 35, 17, 238]
[201, 119, 197, 115, 185, 160]
[159, 101, 137, 114, 158, 65]
[24, 75, 426, 33, 53, 6]
[4, 67, 43, 102, 29, 279]
[115, 424, 275, 483, 140, 97]
[77, 266, 207, 138, 210, 71]
[55, 16, 33, 99, 71, 35]
[114, 116, 63, 94, 98, 35]
[15, 202, 164, 75, 500, 214]
[295, 118, 48, 123, 319, 135]
[17, 208, 8, 99, 36, 355]
[124, 191, 34, 29, 160, 154]
[271, 148, 248, 57, 652, 113]
[142, 78, 61, 81, 113, 369]
[43, 46, 49, 271, 125, 35]
[107, 35, 54, 87, 156, 100]
[156, 43, 37, 58, 9, 18]
[355, 232, 282, 92, 91, 193]
[57, 42, 104, 112, 105, 93]
[71, 188, 200, 201, 73, 63]
[96, 296, 76, 72, 45, 59]
[42, 158, 17, 185, 17, 608]
[64, 78, 105, 201, 81, 59]
[335, 57, 264, 64, 199, 107]
[78, 44, 57, 55, 194, 28]
[31, 42, 64, 170, 25, 24]
[105, 86, 728, 189, 3, 34]
[93, 15, 57, 61, 113, 342]
[158, 149, 158, 103, 128, 275]
[65, 411, 127, 362, 342, 165]
[31, 85, 28, 101, 23, 19]
[58, 29, 103, 73, 202, 182]
[47, 158, 243, 52, 88, 65]
[523, 207, 68, 254, 58, 448]
[19, 49, 122, 74, 65, 324]
[48, 48, 93, 89, 70, 187]
[98, 393, 92, 31, 18, 112]
[287, 134, 96, 135, 188, 185]
[60, 85, 62, 563, 102, 75]
[184, 134, 884, 26, 170, 137]
[108, 71, 135, 90, 531, 213]
[38, 97, 95, 229, 62, 38]
[55, 73, 22, 54, 58, 44]
[20, 35, 43, 148, 51, 185]
[55, 119, 137, 53, 50, 154]
[246, 96, 89, 177, 210, 443]
[295, 26, 45, 5, 65, 253]
[32, 52, 20, 83, 43, 84]
[77, 87, 55, 118, 39, 142]
[70, 59, 164, 138, 138, 68]
[27, 157, 61, 48, 56, 87]
[369, 26, 305, 30, 334, 59]
[73, 73, 363, 172, 48, 47]
[154, 259, 26, 52, 175, 84]
[126, 72, 167, 196, 76, 37]
[64, 54, 114, 204, 88, 279]
[67, 72, 267, 97, 207, 160]
[66, 202, 87, 34, 37, 167]
[79, 36, 64, 68, 118, 107]
[98, 41, 58, 76, 27, 81]
[247, 64, 74, 42, 186, 71]
[107, 102, 415, 119, 124, 103]
[41, 146, 161, 49, 204, 154]
[3, 27, 3, 138, 67, 163]
[83, 193, 83, 166, 42, 21]
[47, 211, 63, 56, 39, 135]
[130, 321, 54, 72, 195, 69]
[135, 291, 48, 156, 90, 145]
[48, 76, 13, 350, 70, 202]
[84, 192, 91, 15, 80, 220]
[46, 33, 109, 181, 101, 21]
[13, 236, 59, 219, 111, 6]
[60, 50, 37, 126, 20, 106]
[256, 149, 194, 45, 60, 37]
[164, 20, 113, 229, 153, 113]
[184, 32, 72, 111, 47, 374]
[16, 24, 204, 220, 204, 74]
[73, 39, 160, 9, 210, 265]
[17, 374, 50, 77, 29, 56]
[90, 95, 30, 217, 48, 36]
[104, 101, 71, 17, 26, 95]
[242, 55, 78, 74, 53, 54]
[51, 38, 463, 204, 58, 65]
[197, 69, 105, 23, 303, 168]
[65, 41, 279, 68, 32, 142]
[27, 175, 22, 152, 225, 47]
[14, 279, 102, 9, 17, 98]
[33, 43, 37, 255, 55, 17]
[74, 113, 126, 48, 42, 126]
[63, 35, 37, 71, 18, 61]
[46, 291, 58, 49, 282, 208]
[88, 273, 36, 161, 56, 131]
[37, 405, 66, 60, 93, 132]
[62, 549, 71, 382, 187, 84]
[129, 96, 339, 77, 20, 542]
[39, 47, 19, 233, 110, 116]
[50, 330, 17, 104, 104, 182]
[42, 39, 172, 318, 28, 47]
[430, 126, 35, 54, 210, 22]
[179, 162, 160, 130, 121, 164]
[58, 103, 174, 120, 151, 68]
[409, 66, 46, 117, 83, 294]
[109, 50, 287, 264, 136, 36]
[436, 148, 68, 83, 42, 104]
[185, 81, 86, 158, 66, 330]
[113, 69, 147, 52, 28, 145]
[53, 187, 95, 64, 95, 56]
[132, 98, 84, 91, 314, 185]
[169, 109, 64, 100, 140, 88]
[61, 341, 71, 131, 285, 168]
[1]
[191, 184, 51, 114, 52, 126]
[81, 114, 56, 227, 169, 418]
[109, 129, 67, 36, 47, 171]
[54, 164, 54, 36, 38, 236]
[1]
[34, 24, 3, 52, 154, 90]
[9, 81, 51, 169, 287, 165]
[161, 108, 514, 11, 41, 71]
[138, 14, 150, 7, 302, 27]
[202, 170, 176, 178, 33, 356]
[202, 176, 64, 22, 16, 12]
[121, 50, 49, 196, 30, 28]
[22, 42, 112, 92, 358, 28]
[32, 47, 127, 80, 110, 55]
[168, 60, 67, 279, 56, 117]
[204, 84, 67, 43, 41, 83]
[335, 45, 65, 93, 134, 146]
[103, 34, 98, 401, 92, 218]
[134, 42, 91, 83, 175, 143]
[22, 43, 31, 149, 119, 185]
[212, 169, 179, 172, 33, 184]
[136, 166, 11, 41, 13, 53]
[57, 49, 17, 17, 102, 65]
[1]
[119, 9, 70, 13, 23, 17]
[63, 61, 75, 123, 121, 129]
[74, 70, 159, 186, 99, 52]
[190, 30, 61, 53, 121, 30]
[150, 14, 51, 63, 161, 26]
[42, 185, 47, 81, 61, 57]
[91, 48, 101, 85, 55, 60]
[23, 20, 32, 325, 104, 210]
[160, 169, 157, 25, 75, 241]
[60, 65, 114, 12, 13, 50]
[97, 173, 16, 17, 42, 17]
[36, 87, 149, 24, 27, 144]
[135, 186, 176, 159, 88, 25]
[114, 31, 154, 63, 55, 13]
[107, 26, 27, 51, 46, 11]
[116, 277, 348, 150, 113, 85]
[183, 98, 262, 123, 365, 197]
[27, 55, 208, 88, 83, 326]
[134, 180, 151, 132, 232, 93]
[74, 72, 82, 221, 371, 142]
[77, 181, 289, 9, 15, 23]
[110, 92, 193, 194, 67, 280]
[63, 48, 109, 80, 82, 88]
[40, 25, 148, 130, 47, 72]
[156, 30, 53, 136, 91, 96]
[23, 339, 76, 157, 477, 66]
[59, 59, 80, 58, 41, 28]
[165, 28, 22, 23, 51, 55]
[33, 94, 23, 123, 51, 97]
[59, 45, 40, 277, 154, 153]
[181, 103, 199, 113, 67, 116]
[71, 54, 68, 68, 37, 72]
[169, 49, 65, 131, 64, 163]
[206, 82, 251, 81, 290, 695]
[124, 86, 66, 148, 277, 234]
[32, 8, 191, 9, 32, 43]
[281, 53, 135, 26, 126, 173]
[101, 471, 120, 154, 88, 236]
[56, 191, 45, 201, 44, 86]
[5, 23, 214, 35, 606, 26]
[79, 6, 30, 356, 223, 28]
[47, 198, 20, 425, 131, 2]
[64, 232, 344, 95, 14, 37]
[61, 134, 57, 61, 106, 351]
[70, 221, 123, 95, 156, 72]
[57, 277, 393, 63, 3, 55]
[112, 149, 88, 363, 53, 32]
[10, 29, 262, 10, 45, 11]
[91, 152, 211, 208, 25, 19]
[160, 29, 169, 154, 155, 13]
[5, 36, 120, 34, 244, 160]
[170, 59, 48, 195, 67, 58]
[102, 314, 40, 171, 85, 86]
[22, 40, 90, 278, 88, 43]
[39, 47, 28, 20, 130, 198]
[97, 134, 86, 66, 9, 194]
[39, 87, 38, 62, 65, 189]
[75, 180, 78, 80, 98, 86]
[84, 125, 70, 93, 252, 508]
[162, 63, 117, 32, 44, 52]
[67, 33, 198, 98, 61, 94]
[135, 75, 39, 49, 60, 50]
[388, 206, 45, 41, 151, 46]
[91, 230, 136, 92, 126, 32]
[27, 18, 95, 302, 56, 24]
[28, 36, 113, 37, 63, 48]
[216, 77, 71, 150, 11, 110]
[92, 95, 203, 111, 141, 314]
[205, 249, 188, 232, 136, 169]
[10, 17, 75, 8, 32, 48]
[94, 138, 129, 210, 104, 106]
[241, 139, 220, 48, 142, 61]
[290, 129, 157, 52, 63, 75]
[143, 8, 225, 127, 12, 88]
[55, 446, 114, 11, 84, 106]
[91, 57, 227, 112, 169, 50]
[1]
[40, 22, 55, 68, 31, 291]
[104, 134, 120, 41, 90, 115]
[75, 37, 144, 5, 87, 135]
[197, 18, 16, 408, 167, 76]
[238, 105, 109, 21, 63, 28]
[206, 51, 180, 117, 20, 27]
[63, 12, 146, 146, 144, 123]
[189, 118, 61, 63, 75, 172]
[53, 80, 75, 41, 55, 399]
[34, 92, 114, 26, 50, 35]
[449, 246, 93, 348, 24, 37]
[88, 53, 132, 122, 37, 172]
[15, 97, 104, 85, 128, 50]
[76, 155, 19, 9, 46, 325]
[125, 74, 7, 45, 212, 64]
[101, 171, 205, 29, 188, 11]
[109, 38, 138, 23, 329, 17]
[68, 75, 31, 16, 28, 104]
[122, 37, 212, 61, 93, 76]
[199, 49, 170, 101, 186, 35]
[141, 174, 7, 46, 36, 61]
[72, 29, 21, 149, 34, 58]
[1]
[140, 157, 52, 154, 18, 156]
[196, 49, 24, 123, 48, 141]
[27, 156, 84, 74, 152, 90]
[9, 17, 195, 256, 12, 155]
[13, 44, 136, 408, 52, 28]
[264, 161, 22, 39, 227, 150]
[163, 24, 137, 168, 379, 44]
[74, 218, 29, 84, 28, 119]
[121, 111, 143, 146, 112, 62]
[41, 137, 46, 147, 151, 148]
[230, 71, 83, 108, 75, 128]
[66, 65, 446, 160, 49, 333]
[98, 249, 31, 79, 22, 82]
[120, 225, 109, 230, 192, 88]
[42, 108, 69, 240, 62, 68]
[35, 83, 290, 167, 49, 94]
[147, 70, 142, 47, 16, 51]
[70, 233, 227, 241, 69, 56]
[140, 83, 331, 144, 17, 101]
[38, 30, 21, 101, 47, 85]
[84, 130, 65, 236, 75, 35]
[167, 210, 58, 232, 79, 278]
[84, 228, 227, 31, 300, 270]
[690, 80, 53, 104, 124, 261]
[55, 86, 25, 406, 82, 220]
[13, 24, 21, 15, 7, 125]
[16, 54, 78, 58, 24, 20]
[442, 31, 35, 56, 88, 53]
[288, 188, 69, 71, 65, 31]
[157, 156, 64, 46, 33, 134]
[323, 54, 89, 341, 328, 187]
[22, 108, 60, 129, 81, 14]
[45, 5, 120, 164, 20, 322]
[123, 135, 102, 245, 137, 209]
[110, 103, 231, 114, 95, 289]
[280, 85, 118, 130, 97, 34]
[66, 88, 94, 66, 130, 68]
[89, 180, 215, 256, 135, 91]
[156, 35, 82, 51, 90, 123]
[132, 82, 75, 95, 63, 239]
[156, 67, 92, 239, 155, 58]
[106, 185, 197, 102, 100, 508]
[108, 96, 139, 137, 141, 225]
[122, 24, 375, 267, 47, 182]
[46, 118, 83, 153, 74, 62]
[52, 249, 28, 37, 143, 150]
[177, 67, 108, 37, 65, 99]
[39, 150, 153, 95, 125, 104]
[53, 41, 123, 130, 184, 174]
[358, 217, 99, 106, 47, 111]
[281, 120, 383, 98, 198, 112]
[42, 83, 111, 47, 17, 26]
[96, 52, 72, 72, 117, 188]
[34, 106, 41, 78, 24, 478]
[174, 25, 96, 94, 53, 16]
[162, 26, 219, 28, 137, 93]
[80, 43, 55, 42, 26, 77]
[23, 240, 44, 35, 15, 16]
[230, 32, 30, 193, 35, 55]
[98, 81, 54, 246, 90, 78]
[45, 53, 59, 335, 53, 110]
[137, 89, 226, 89, 55, 62]
[258, 69, 73, 341, 231, 130]
[78, 91, 42, 71, 38, 56]
[50, 178, 38, 94, 92, 92]
[99, 342, 38, 49, 158, 60]
[292, 144, 335, 86, 83, 59]
[130, 49, 36, 17, 29, 72]
[4, 181, 132, 109, 60, 17]
[74, 149, 34, 63, 304, 47]
[20, 181, 40, 137, 44, 128]
[45, 53, 203, 89, 342, 228]
[184, 146, 133, 108, 204, 191]
[123, 35, 30, 79, 49, 34]
[30, 63, 71, 278, 229, 137]
[215, 30, 183, 209, 69, 408]
[36, 217, 108, 32, 92, 28]
[101, 95, 65, 97, 31, 31]
[94, 27, 32, 94, 106, 122]
[111, 92, 37, 62, 21, 32]
[141, 85, 18, 114, 23, 37]
[147, 354, 68, 133, 139, 151]
[275, 125, 163, 150, 177, 73]
[347, 34, 32, 51, 128, 307]
[27, 284, 96, 77, 82, 118]
[156, 189, 98, 16, 37, 211]
[125, 22, 148, 108, 31, 112]
[36, 28, 32, 24, 247, 115]
[76, 69, 92, 23, 347, 26]
[113, 33, 18, 55, 120, 30]
[38, 48, 34, 253, 20, 134]
[47, 9, 191, 97, 39, 54]
[58, 61, 118, 208, 322, 76]
[97, 236, 16, 37, 103, 153]
[121, 22, 36, 56, 113, 148]
[61, 58, 50, 152, 20, 102]
[167, 99, 54, 72, 112, 30]
[130, 8, 67, 120, 258, 202]
[215, 78, 153, 42, 33, 57]
[103, 91, 51, 39, 338, 233]
[58, 36, 114, 153, 59, 92]
[1]
[63, 217, 188, 122, 301, 134]
[2, 211, 42, 48, 117, 95]
[55, 242, 186, 4, 73, 27]
[146, 315, 164, 50, 98, 88]
[1]
[119, 75, 200, 97, 219, 149]
[87, 354, 150, 93, 97, 73]
[11, 29, 74, 70, 210, 37]
[122, 49, 229, 78, 63, 14]
[30, 146, 351, 74, 162, 56]
[25, 38, 56, 127, 31, 133]
[76, 142, 29, 66, 20, 94]
[5, 134, 142, 9, 52, 168]
[155, 111, 297, 188, 54, 205]
[248, 201, 15, 100, 16, 72]
[37, 202, 10, 62, 59, 85]
[8, 65, 368, 128, 129, 72]
[22, 18, 83, 75, 106, 140]
[426, 83, 61, 220, 18, 210]
[273, 63, 246, 88, 20, 17]
[121, 6, 239, 10, 31, 47]
[95, 34, 224, 63, 80, 43]
[33, 125, 70, 132, 462, 83]
[3, 80, 226, 130, 175, 167]
[15, 190, 235, 109, 96, 490]
[277, 127, 38, 29, 109, 103]
[96, 43, 203, 86, 30, 185]
[68, 146, 84, 36, 108, 37]
[111, 229, 64, 155, 197, 100]
[112, 207, 201, 102, 8, 117]
[325, 8, 9, 35, 12, 230]
[19, 23, 51, 317, 58, 21]
[447, 106, 58, 9, 39, 111]
[29, 105, 11, 5, 49, 88]
[202, 25, 113, 18, 88, 19]
[6, 109, 149, 141, 9, 28]
[150, 77, 29, 42, 32, 249]
[826, 35, 206, 32, 32, 341]
[92, 52, 94, 429, 131, 113]
[67, 196, 127, 36, 138, 74]
[3, 11, 394, 21, 190, 172]
[124, 44, 278, 134, 221, 70]
[87, 25, 219, 26, 100, 25]
[280, 105, 286, 50, 187, 79]
[37, 192, 92, 43, 91, 75]
[11, 44, 36, 108, 175, 63]
[15, 46, 322, 33, 18, 110]
[36, 135, 29, 64, 111, 179]
[72, 212, 36, 129, 175, 44]
[53, 41, 56, 111, 32, 193]
[46, 165, 76, 64, 28, 336]
[160, 190, 241, 119, 419, 121]
[185, 137, 205, 233, 122, 130]
[35, 228, 140, 289, 6, 160]
[29, 51, 95, 28, 81, 43]
[85, 205, 218, 760, 95, 65]
[92, 83, 58, 165, 154, 117]
[96, 443, 53, 25, 148, 47]
[39, 133, 41, 88, 61, 120]
[33, 42, 140, 135, 206, 296]
[133, 185, 147, 420, 257, 46]
[167, 555, 665, 53, 243, 42]
[50, 94, 239, 53, 93, 50]
[143, 255, 76, 155, 46, 94]
[28, 93, 116, 156, 82, 143]
[152, 72, 97, 188, 49, 239]
[43, 374, 376, 69, 63, 444]
[97, 135, 210, 116, 376, 152]
[52, 138, 52, 132, 51, 57]
[188, 89, 482, 276, 258, 83]
[35, 115, 53, 139, 57, 219]
[231, 23, 237, 67, 76, 161]
[162, 96, 14, 165, 29, 125]
[182, 235, 53, 122, 170, 152]
[524, 200, 23, 174, 213, 33]
[85, 230, 214, 86, 57, 199]
[69, 415, 118, 34, 5, 22]
[168, 69, 109, 98, 98, 146]
[163, 317, 287, 65, 308, 78]
[32, 282, 35, 79, 117, 120]
[155, 30, 55, 75, 363, 33]
[42, 48, 67, 183, 161, 35]
[79, 43, 107, 112, 90, 75]
[474, 78, 547, 252, 23, 47]
[194, 73, 90, 58, 49, 150]
[114, 81, 30, 211, 139, 17]
[78, 23, 42, 20, 72, 71]
[117, 316, 263, 73, 230, 143]
[525, 123, 96, 65, 102, 51]
[23, 213, 165, 140, 184, 101]
[302, 232, 50, 59, 31, 72]
[37, 72, 220, 53, 63, 118]
[118, 130, 38, 32, 84, 91]
[49, 156, 82, 62, 35, 19]
[508, 186, 32, 82, 92, 46]
[41, 6, 119, 221, 101, 28]
[141, 117, 117, 7, 179, 38]
[13, 54, 22, 28, 245, 32]
[104, 72, 60, 8, 38, 163]
[33, 124, 77, 20, 147, 76]
[174, 32, 112, 9, 79, 118]
[156, 278, 134, 100, 155, 140]
[110, 317, 129, 95, 92, 118]
[64, 50, 167, 372, 73, 92]
[178, 32, 55, 96, 91, 210]
[156, 81, 278, 61, 136, 344]
[110, 120, 80, 100, 177, 380]
[505, 117, 147, 57, 46, 81]
[68, 68, 59, 253, 40, 166]
[178, 168, 118, 178, 96, 76]
[150, 192, 396, 242, 73, 111]
[1]
[32, 40, 60, 320, 115, 15]
[13, 22, 59, 163, 213, 44]
[88, 101, 103, 70, 320, 20]
[94, 157, 177, 78, 207, 100]
[1]
[22, 186, 66, 86, 70, 13]
[89, 39, 159, 65, 152, 35]
[8, 29, 54, 252, 53, 38]
[83, 185, 379, 195, 139, 63]
[11, 47, 125, 199, 26, 280]
[12, 21, 90, 53, 254, 14]
[409, 455, 35, 63, 89, 82]
[96, 25, 162, 125, 42, 41]
[35, 53, 126, 89, 127, 86]
[172, 222, 175, 67, 125, 118]
[119, 37, 234, 58, 116, 66]
[61, 43, 129, 84, 347, 304]
[43, 53, 36, 424, 77, 74]
[93, 74, 80, 52, 35, 231]
[114, 138, 28, 3, 91, 21]
[30, 70, 125, 10, 10, 75]
[96, 217, 160, 293, 36, 260]
[170, 65, 40, 103, 48, 36]
[14, 433, 172, 123, 236, 21]
[208, 260, 92, 22, 97, 156]
[686, 227, 67, 209, 82, 32]
[72, 224, 40, 252, 38, 67]
[80, 23, 151, 86, 147, 111]
[27, 185, 171, 452, 118, 39]
[46, 17, 62, 52, 19, 56]
[36, 80, 290, 50, 34, 166]
[14, 77, 153, 31, 272, 198]
[149, 525, 299, 132, 55, 69]
[89, 146, 267, 162, 97, 186]
[216, 713, 136, 154, 100, 163]
[255, 88, 154, 230, 357, 178]
[41, 273, 98, 58, 185, 84]
[112, 305, 15, 102, 300, 277]
[23, 29, 292, 337, 109, 143]
[248, 141, 70, 151, 49, 154]
[151, 90, 171, 211, 185, 38]
[164, 71, 82, 34, 114, 172]
[58, 189, 117, 94, 52, 192]
[264, 143, 31, 84, 39, 38]
[135, 68, 270, 157, 60, 79]
[138, 84, 60, 196, 122, 63]
[231, 109, 118, 94, 60, 252]
[60, 167, 94, 101, 72, 82]
[163, 83, 24, 477, 201, 335]
[150, 88, 84, 56, 118, 88]
[134, 299, 70, 150, 182, 297]
[97, 135, 114, 140, 235, 104]
[226, 200, 105, 231, 231, 228]
[158, 160, 203, 115, 122, 29]
[94, 47, 151, 75, 122, 43]
[70, 47, 38, 54, 73, 98]
[224, 120, 50, 88, 74, 64]
[33, 41, 99, 230, 6, 40]
[62, 87, 26, 85, 153, 45]
[37, 11, 173, 82, 150, 284]
[66, 96, 67, 77, 52, 15]
[19, 18, 176, 22, 175, 68]
[428, 57, 191, 53, 123, 469]
[28, 208, 58, 112, 66, 50]
[25, 27, 41, 47, 66, 159]
[109, 107, 50, 83, 141, 126]
[185, 178, 100, 112, 232, 140]
[271, 12, 116, 80, 580, 65]
[117, 74, 20, 16, 163, 81]
[143, 325, 114, 174, 140, 179]
[84, 57, 57, 143, 110, 73]
[34, 548, 178, 49, 22, 128]
[15, 34, 46, 39, 212, 9]
[5, 124, 123, 138, 169, 307]
[37, 10, 71, 47, 120, 157]
[218, 269, 148, 258, 106, 197]
[86, 254, 111, 103, 110, 89]
[162, 159, 160, 81, 280, 85]
[111, 72, 21, 79, 100, 103]
[40, 42, 171, 361, 163, 202]
[167, 93, 29, 99, 96, 107]
[81, 92, 64, 179, 144, 196]
[346, 104, 128, 64, 275, 80]
[36, 150, 197, 58, 40, 51]
[184, 54, 28, 325, 177, 183]
[155, 60, 67, 21, 47, 109]
[75, 32, 90, 117, 152, 121]
[251, 68, 73, 14, 93, 26]
[34, 327, 36, 139, 36, 372]
[319, 42, 9, 114, 19, 109]
[22, 79, 72, 78, 52, 324]
[52, 28, 145, 82, 242, 201]
[17, 22, 45, 54, 53, 285]
[165, 93, 82, 31, 29, 127]
[235, 59, 81, 143, 164, 156]
[251, 45, 12, 295, 32, 25]
[11, 194, 58, 207, 46, 74]
[24, 100, 113, 167, 24, 39]
[100, 48, 162, 153, 34, 219]
[30, 154, 75, 48, 169, 69]
[221, 167, 53, 187, 32, 62]
[132, 287, 554, 326, 37, 79]
[144, 101, 217, 25, 35, 122]
[1]
[86, 190, 156, 110, 54, 87]
[45, 50, 227, 104, 167, 34]
[69, 292, 26, 273, 97, 22]
[37, 28, 68, 111, 169, 42]
[1]
[186, 61, 104, 23, 79, 38]
[20, 16, 9, 70, 29, 201]
[19, 31, 58, 60, 152, 38]
[231, 231, 28, 39, 41, 100]
[67, 221, 92, 103, 39, 206]
[170, 25, 172, 133, 67, 49]
[8, 14, 52, 205, 9, 688]
[254, 53, 116, 42, 212, 17]
[99, 96, 119, 252, 267, 111]
[3, 8, 146, 33, 46, 52]
[41, 354, 214, 433, 132, 47]
[315, 53, 299, 44, 56, 252]
[121, 156, 60, 92, 207, 127]
[42, 33, 121, 92, 143, 40]
[5, 12, 78, 265, 26, 66]
[35, 50, 279, 73, 20, 16]
[67, 280, 16, 230, 68, 278]
[29, 61, 179, 67, 5, 42]
[199, 90, 121, 32, 303, 36]
[178, 106, 102, 88, 194, 231]
[170, 376, 21, 56, 125, 200]
[66, 308, 75, 283, 83, 120]
[36, 103, 80, 81, 28, 38]
[250, 443, 22, 175, 47, 171]
[127, 37, 310, 61, 39, 94]
[44, 56, 116, 347, 167, 83]
[149, 57, 33, 107, 19, 40]
[84, 75, 242, 104, 84, 21]
[13, 52, 36, 203, 13, 195]
[110, 192, 85, 127, 245, 38]
[54, 96, 56, 145, 540, 38]
[131, 30, 14, 13, 155, 56]
[43, 103, 37, 30, 92, 66]
[56, 57, 54, 46, 204, 80]
[334, 126, 134, 209, 54, 66]
[110, 134, 143, 34, 147, 249]
[19, 67, 77, 113, 93, 132]
[77, 43, 25, 343, 77, 98]
[69, 18, 22, 58, 127, 29]
[33, 217, 82, 276, 57, 41]
[378, 48, 122, 113, 79, 89]
[8, 11, 132, 17, 19, 139]
[83, 130, 47, 109, 79, 52]
[122, 290, 97, 55, 154, 251]
[79, 171, 107, 52, 166, 48]
[248, 5, 132, 129, 19, 41]
[32, 65, 252, 211, 142, 100]
[217, 70, 32, 25, 106, 76]
[36, 50, 48, 126, 16, 26]
[76, 10, 87, 63, 304, 118]
[19, 77, 94, 298, 17, 25]
[113, 28, 56, 183, 74, 118]
[141, 157, 134, 139, 346, 61]
[369, 29, 276, 67, 83, 176]
[16, 96, 53, 22, 261, 152]
[65, 149, 30, 17, 33, 55]
[10, 411, 140, 89, 28, 15]
[51, 15, 86, 127, 101, 71]
[18, 30, 38, 24, 73, 62]
[121, 55, 25, 33, 91, 160]
[593, 94, 24, 12, 25, 106]
[134, 66, 108, 134, 51, 183]
[87, 197, 55, 21, 246, 29]
[109, 130, 109, 100, 49, 28]
[106, 365, 220, 117, 85, 249]
[84, 92, 75, 151, 116, 272]
[142, 51, 56, 81, 26, 350]
[98, 39, 64, 311, 99, 130]
[129, 64, 58, 170, 124, 92]
[127, 169, 118, 134, 97, 474]
[60, 293, 145, 96, 138, 86]
[83, 183, 86, 80, 79, 53]
[62, 57, 56, 71, 163, 166]
[133, 138, 257, 244, 547, 35]
[237, 127, 39, 115, 282, 70]
[230, 117, 176, 116, 79, 42]
[116, 27, 132, 209, 87, 105]
[28, 28, 410, 29, 239, 228]
[28, 54, 29, 108, 191, 317]
[84, 121, 158, 109, 36, 29]
[235, 49, 52, 67, 110, 64]
[83, 138, 424, 337, 72, 245]
[399, 136, 173, 385, 233, 42]
[166, 20, 237, 39, 46, 55]
[165, 76, 60, 84, 517, 48]
[10, 11, 54, 116, 57, 148]
[189, 57, 235, 137, 40, 216]
[19, 99, 140, 147, 102, 114]
[42, 56, 398, 106, 105, 178]
[225, 96, 188, 35, 270, 34]
[113, 198, 274, 91, 66, 105]
[373, 214, 121, 145, 58, 338]
[252, 147, 70, 43, 101, 16]
[86, 147, 4, 107, 43, 86]
[259, 155, 45, 115, 109, 115]
[659, 127, 112, 28, 104, 52]
[99, 389, 56, 179, 95, 115]
[9, 23, 8, 62, 11, 143]
[185, 80, 16, 61, 127, 19]
[35, 71, 64, 312, 3, 202]
[125, 124, 100, 386, 23, 135]
[76, 118, 124, 105, 319, 270]
[48, 85, 245, 77, 91, 86]
[34, 129, 12, 195, 145, 194]
[30, 21, 24, 26, 34, 22]
[18, 14, 122, 168, 41, 43]
[84, 6, 31, 87, 5, 34]
[10, 51, 53, 13, 124, 99]
[11, 75, 19, 22, 143, 1]
[114, 183, 204, 11, 42, 8]
[79, 70, 170, 84, 198, 157]
[1]
[83, 143, 133, 10, 49, 107]
[14, 72, 71, 69, 11, 292]
[192, 149, 505, 86, 12, 15]
[160, 8, 141, 327, 37, 205]
[210, 151, 47, 103, 25, 46]
[91, 99, 234, 30, 105, 346]
[1]
[136, 92, 71, 76, 50, 19]
[13, 246, 22, 96, 39, 24]
[38, 221, 55, 15, 121, 35]
[34, 278, 21, 27, 49, 66]
[10, 133, 50, 74, 79, 322]
[151, 102, 44, 629, 235, 102]
[32, 45, 50, 45, 186, 50]
[6, 229, 22, 193, 82, 379]
[33, 129, 55, 247, 147, 40]
[68, 149, 82, 151, 174, 97]
[120, 83, 379, 153, 57, 39]
[130, 180, 29, 53, 43, 156]
[9, 342, 45, 177, 26, 17]
[56, 49, 212, 65, 176, 183]
[248, 136, 37, 64, 175, 144]
[64, 138, 218, 236, 310, 61]
[43, 69, 119, 29, 104, 98]
[86, 103, 179, 44, 155, 126]
[106, 40, 36, 289, 90, 27]
[8, 78, 141, 297, 11, 137]
[66, 128, 314, 15, 18, 98]
[264, 171, 68, 102, 158, 51]
[140, 345, 115, 172, 82, 52]
[223, 242, 53, 77, 327, 188]
[129, 94, 49, 76, 166, 338]
[95, 99, 94, 73, 140, 112]
[49, 96, 25, 259, 48, 134]
[350, 145, 55, 14, 18, 30]
[225, 65, 31, 173, 85, 102]
[153, 71, 244, 40, 41, 84]
[35, 390, 106, 106, 78, 53]
[77, 195, 28, 181, 40, 9]
[185, 80, 127, 67, 109, 76]
[4, 45, 91, 106, 10, 8]
[9, 167, 34, 351, 116, 6]
[101, 165, 181, 183, 121, 147]
[126, 267, 103, 217, 43, 122]
[136, 66, 175, 106, 20, 79]
[31, 25, 69, 221, 124, 134]
[228, 384, 31, 38, 123, 205]
[123, 104, 75, 126, 541, 33]
[204, 20, 232, 44, 7, 246]
[123, 162, 53, 8, 74, 54]
[210, 100, 95, 102, 184, 92]
[26, 53, 114, 82, 63, 145]
[412, 161, 90, 132, 36, 119]
[284, 97, 210, 17, 95, 118]
[91, 46, 245, 24, 157, 77]
[179, 37, 52, 160, 58, 35]
[31, 83, 138, 85, 70, 39]
[222, 134, 33, 81, 131, 29]
[220, 36, 121, 42, 169, 289]
[242, 99, 227, 69, 153, 259]
[79, 20, 18, 49, 139, 24]
[6, 33, 24, 65, 10, 8]
[106, 22, 189, 88, 85, 110]
[30, 87, 76, 46, 43, 59]
[196, 226, 116, 362, 39, 13]
[16, 104, 12, 31, 73, 43]
[2, 130, 52, 10, 12, 46]
[210, 127, 197, 11, 257, 47]
[215, 264, 93, 63, 78, 53]
[74, 147, 37, 99, 110, 87]
[107, 103, 207, 32, 30, 43]
[31, 16, 47, 81, 152, 41]
[93, 88, 92, 79, 100, 117]
[95, 105, 79, 44, 240, 129]
[179, 40, 39, 64, 54, 84]
[67, 176, 26, 243, 216, 36]
[218, 64, 269, 102, 263, 116]
[120, 193, 61, 56, 59, 290]
[167, 52, 212, 89, 56, 47]
[108, 223, 123, 14, 38, 232]
[107, 15, 38, 125, 148, 157]
[171, 220, 100, 37, 57, 146]
[39, 28, 107, 19, 19, 594]
[431, 140, 202, 35, 84, 44]
[23, 204, 226, 77, 49, 42]
[57, 126, 47, 94, 16, 18]
[36, 154, 41, 50, 38, 61]
[145, 113, 18, 110, 70, 28]
[21, 27, 222, 26, 31, 41]
[128, 393, 87, 72, 36, 24]
[140, 113, 113, 67, 207, 277]
[248, 200, 67, 93, 243, 99]
[165, 51, 62, 41, 269, 175]
[191, 53, 122, 168, 94, 113]
[1]
[19, 90, 21, 84, 121, 99]
[112, 70, 118, 146, 19, 84]
[121, 106, 147, 109, 27, 117]
[99, 233, 118, 101, 131, 159]
[1]
[197, 117, 68, 240, 22, 260]
[28, 31, 77, 253, 11, 23]
[147, 192, 128, 135, 119, 86]
[366, 66, 174, 28, 118, 134]
[41, 111, 135, 126, 30, 59]
[98, 52, 209, 46, 329, 96]
[108, 62, 87, 30, 436, 73]
[168, 170, 34, 343, 229, 25]
[41, 23, 26, 232, 21, 243]
[84, 54, 128, 113, 78, 136]
[11, 117, 101, 161, 105, 16]
[27, 99, 53, 42, 72, 303]
[30, 196, 88, 85, 232, 164]
[32, 49, 215, 84, 91, 29]
[36, 48, 89, 76, 50, 51]
[31, 149, 253, 93, 124, 36]
[49, 90, 90, 110, 135, 165]
[97, 26, 17, 146, 174, 124]
[294, 30, 154, 84, 158, 104]
[67, 211, 68, 34, 74, 67]
[420, 75, 54, 174, 93, 59]
[63, 77, 28, 139, 62, 30]
[374, 166, 86, 4, 29, 42]
[85, 46, 140, 46, 228, 44]
[746, 140, 23, 411, 93, 238]
[23, 22, 51, 185, 74, 227]
[65, 76, 76, 204, 111, 188]
[27, 52, 124, 89, 24, 265]
[55, 62, 14, 203, 45, 27]
[216, 16, 72, 238, 137, 169]
[184, 175, 49, 14, 58, 82]
[23, 165, 17, 179, 15, 137]
[52, 112, 91, 188, 164, 112]
[75, 17, 206, 77, 51, 369]
[196, 73, 88, 58, 171, 75]
[139, 203, 208, 69, 115, 245]
[77, 32, 57, 29, 33, 151]
[183, 24, 149, 208, 146, 94]
[61, 142, 92, 71, 116, 118]
[375, 56, 97, 38, 55, 320]
[4, 341, 149, 116, 381, 113]
[174, 150, 80, 39, 97, 149]
[112, 17, 213, 247, 157, 117]
[76, 157, 149, 83, 425, 89]
[89, 141, 41, 50, 223, 158]
[226, 66, 75, 174, 209, 267]
[137, 111, 208, 260, 13, 164]
[299, 177, 36, 92, 145, 247]
[125, 77, 64, 17, 99, 173]
[11, 100, 21, 14, 22, 462]
[55, 77, 94, 108, 309, 413]
[63, 458, 57, 214, 48, 72]
[49, 48, 278, 105, 34, 38]
[67, 225, 19, 251, 167, 78]
[335, 31, 113, 83, 104, 180]
[254, 30, 237, 170, 165, 43]
[123, 183, 80, 280, 80, 108]
[48, 196, 254, 43, 61, 103]
[223, 35, 113, 82, 93, 183]
[119, 29, 373, 247, 33, 49]
[73, 51, 312, 164, 56, 248]
[151, 34, 19, 214, 154, 91]
[39, 79, 87, 44, 284, 70]
[33, 287, 121, 33, 85, 160]
[98, 69, 159, 32, 94, 30]
[64, 144, 194, 74, 173, 116]
[36, 184, 13, 59, 96, 77]
[9, 104, 108, 68, 12, 135]
[144, 151, 69, 50, 123, 209]
[56, 111, 31, 140, 174, 154]
[27, 31, 183, 156, 110, 124]
[30, 117, 252, 53, 30, 35]
[37, 113, 118, 51, 270, 78]
[1]
[89, 40, 23, 12, 27, 35]
[36, 57, 103, 185, 33, 343]
[69, 73, 22, 62, 197, 101]
[92, 395, 320, 15, 20, 86]
[224, 430, 53, 119, 137, 90]
[7, 252, 34, 38, 45, 29]
[79, 30, 94, 59, 92, 105]
[67, 31, 37, 39, 57, 138]
[182, 232, 26, 19, 85, 271]
[44, 1, 37, 127, 8, 41]
[43, 551, 14, 116, 109, 22]
[101, 23, 129, 143, 50, 30]
[106, 65, 310, 95, 51, 62]
[31, 125, 235, 95, 91, 127]
[79, 26, 25, 29, 136, 40]
[40, 57, 18, 20, 41, 67]
[81, 169, 44, 144, 316, 169]
[32, 134, 28, 111, 124, 63]
[72, 41, 44, 112, 85, 32]
[202, 48, 36, 312, 79, 55]
[96, 40, 123, 80, 202, 45]
[149, 59, 83, 134, 163, 89]
[204, 582, 171, 119, 314, 79]
[394, 41, 82, 349, 86, 156]
[31, 130, 45, 197, 95, 21]
[100, 122, 18, 23, 20, 32]
[93, 125, 94, 67, 28, 423]
[87, 92, 319, 124, 605, 77]
[93, 95, 127, 160, 93, 242]
[109, 66, 126, 165, 95, 76]
[97, 70, 48, 63, 57, 79]
[47, 201, 222, 149, 50, 97]
[4, 217, 68, 61, 187, 120]
[88, 139, 58, 31, 23, 536]
[210, 64, 170, 23, 53, 32]
[43, 141, 29, 77, 60, 160]
[152, 123, 141, 22, 63, 31]
[73, 104, 108, 136, 313, 64]
[186, 169, 160, 88, 281, 277]
[88, 213, 144, 367, 137, 208]
[149, 157, 114, 112, 123, 120]
[85, 76, 28, 66, 52, 48]
[70, 30, 44, 57, 51, 73]
[155, 43, 24, 78, 140, 42]
[147, 48, 131, 11, 30, 11]
[29, 286, 228, 27, 28, 210]
[168, 34, 46, 99, 61, 242]
[165, 163, 46, 53, 247, 94]
[82, 49, 230, 135, 91, 102]
[149, 243, 123, 87, 118, 37]
[49, 26, 53, 3, 34, 13]
[420, 11, 41, 22, 39, 9]
[1]
[10, 129, 20, 26, 182, 274]
[56, 222, 112, 69, 51, 78]
[131, 14, 392, 384, 15, 134]
[56, 236, 123, 109, 129, 112]
[73, 56, 127, 50, 168, 99]
[268, 32, 34, 139, 31, 211]
[331, 60, 239, 190, 492, 133]
[70, 3, 223, 15, 5, 21]
[623, 72, 356, 25, 89, 208]
[99, 110, 34, 39, 14, 51]
[95, 84, 11, 122, 266, 154]
[12, 166, 43, 501, 33, 45]
[101, 138, 51, 7, 28, 78]
[50, 179, 64, 21, 54, 328]
[16, 192, 3, 164, 174, 165]
[70, 60, 66, 229, 91, 54]
[53, 50, 169, 32, 62, 452]
[87, 88, 117, 166, 162, 230]
[55, 68, 120, 160, 148, 150]
[80, 64, 61, 160, 34, 12]
[3, 13, 43, 50, 7, 349]
[63, 139, 63, 74, 81, 61]
[163, 101, 104, 79, 525, 202]
[75, 189, 646, 55, 223, 775]
[89, 60, 19, 32, 23, 33]
[33, 215, 203, 25, 37, 392]
[103, 46, 284, 54, 57, 76]
[114, 95, 245, 226, 160, 121]
[100, 139, 439, 121, 113, 101]
[228, 102, 26, 33, 105, 59]
[84, 85, 28, 175, 96, 239]
[1, 138, 256, 34, 112, 50]
[138, 4, 22, 316, 24, 123]
[193, 282, 87, 87, 185, 63]
[22, 171, 67, 42, 142, 131]
[130, 67, 71, 89, 148, 136]
[172, 74, 870, 113, 106, 73]
[343, 476, 40, 67, 300, 32]
[18, 75, 130, 297, 166, 67]
[40, 20, 123, 4, 73, 6]
[55, 123, 58, 124, 133, 32]
[149, 208, 101, 173, 278, 106]
[126, 219, 146, 152, 170, 97]
[97, 17, 34, 68, 68, 26]
[229, 59, 17, 60, 53, 90]
[115, 134, 142, 143, 254, 80]
[135, 88, 157, 121, 190, 237]
[280, 79, 11, 83, 300, 61]
[133, 40, 33, 212, 168, 44]
[48, 31, 221, 69, 85, 43]
[45, 230, 64, 27, 312, 70]
[431, 54, 115, 23, 16, 45]
[32, 46, 37, 74, 103, 35]
[78, 243, 69, 70, 10, 200]
[5, 21, 89, 161, 114, 242]
[145, 126, 98, 70, 19, 102]
[114, 64, 140, 160, 97, 69]
[18, 25, 64, 105, 81, 164]
[234, 18, 111, 105, 70, 108]
[445, 67, 52, 261, 40, 142]
[8, 7, 91, 116, 13, 47]
[2, 50, 73, 30, 64, 118]
[18, 286, 147, 89, 105, 39]
[1]
[202, 151, 67, 47, 265, 253]
[37, 81, 64, 112, 92, 38]
[368, 34, 349, 82, 110, 130]
[169, 103, 18, 18, 403, 162]
[1]
[61, 51, 47, 60, 235, 149]
[406, 37, 216, 160, 90, 25]
[62, 235, 32, 38, 135, 31]
[37, 295, 31, 150, 424, 61]
[136, 88, 31, 67, 217, 217]
[117, 18, 60, 58, 52, 103]
[246, 44, 23, 67, 227, 190]
[22, 74, 70, 119, 93, 69]
[47, 214, 137, 39, 52, 24]
[179, 27, 24, 38, 62, 45]
[14, 158, 180, 104, 191, 33]
[258, 134, 79, 199, 11, 117]
[31, 26, 208, 178, 52, 154]
[27, 129, 44, 58, 336, 75]
[65, 30, 402, 219, 141, 405]
[165, 248, 103, 200, 245, 95]
[78, 138, 301, 49, 108, 138]
[260, 108, 84, 96, 77, 188]
[63, 339, 83, 563, 58, 207]
[244, 143, 71, 76, 580, 167]
[140, 38, 292, 190, 124, 67]
[182, 96, 105, 114, 38, 204]
[120, 66, 23, 16, 64, 32]
[168, 87, 22, 30, 66, 76]
[89, 31, 63, 242, 44, 18]
[33, 22, 107, 39, 161, 286]
[145, 184, 176, 83, 198, 99]
[410, 215, 303, 84, 189, 331]
[31, 36, 92, 114, 337, 198]
[372, 44, 36, 103, 74, 93]
[261, 12, 128, 276, 135, 345]
[171, 182, 179, 43, 34, 10]
[145, 201, 137, 12, 16, 40]
[172, 117, 25, 184, 75, 15]
[39, 375, 36, 34, 15, 183]
[83, 165, 93, 46, 19, 230]
[21, 126, 140, 173, 111, 37]
[49, 111, 36, 32, 394, 256]
[111, 256, 177, 82, 48, 47]
[135, 226, 207, 69, 308, 62]
[86, 152, 86, 51, 117, 76]
[38, 41, 263, 196, 103, 187]
[13, 21, 50, 52, 64, 49]
[41, 266, 8, 243, 16, 13]
[22, 50, 259, 118, 130, 199]
[63, 361, 188, 94, 29, 27]
[21, 181, 30, 105, 28, 215]
[75, 9, 21, 44, 86, 162]
[167, 202, 25, 257, 112, 61]
[62, 65, 55, 130, 37, 107]
[109, 148, 47, 227, 43, 164]
[70, 75, 141, 126, 112, 97]
[219, 274, 107, 81, 180, 406]
[78, 294, 82, 159, 250, 109]
[89, 86, 24, 86, 120, 51]
[80, 15, 59, 65, 15, 78]
[133, 157, 23, 13, 242, 182]
[246, 76, 58, 371, 113, 78]
[162, 41, 247, 120, 460, 46]
[31, 170, 61, 155, 160, 28]
[69, 96, 360, 144, 269, 116]
[85, 98, 268, 394, 185, 100]
[175, 28, 235, 213, 76, 80]
[151, 48, 52, 202, 362, 344]
[176, 74, 39, 253, 66, 86]
[224, 91, 160, 119, 29, 90]
[55, 38, 18, 73, 109, 354]
[263, 49, 240, 51, 23, 53]
[12, 36, 103, 20, 210, 90]
[78, 97, 128, 235, 211, 51]
[43, 81, 18, 193, 115, 17]
[30, 74, 77, 196, 16, 13]
[43, 145, 18, 100, 22, 36]
[6, 239, 63, 76, 2, 37]
[288, 52, 186, 302, 43, 45]
[42, 249, 292, 131, 90, 60]
[82, 49, 216, 29, 240, 110]
[229, 28, 120, 99, 24, 57]
[128, 257, 195, 50, 79, 50]
[225, 232, 121, 87, 68, 132]
[123, 72, 169, 113, 164, 131]
[93, 220, 89, 76, 160, 278]
[39, 195, 82, 13, 65, 418]
[15, 154, 120, 200, 113, 249]
[21, 38, 115, 106, 12, 188]
[71, 49, 11, 20, 118, 135]
[420, 127, 206, 7, 10, 187]
[113, 81, 192, 46, 7, 257]
[170, 144, 21, 78, 208, 47]
[40, 59, 39, 62, 224, 45]
[107, 58, 92, 196, 283, 105]
[289, 93, 86, 191, 83, 296]
[53, 38, 52, 90, 83, 25]
[164, 271, 150, 135, 95, 317]
[556, 61, 27, 158, 157, 129]
[61, 229, 93, 32, 30, 107]
[89, 6, 182, 41, 133, 117]
[52, 607, 99, 55, 238, 101]
[13, 114, 46, 107, 45, 93]
[20, 148, 39, 42, 81, 106]
[41, 174, 50, 41, 249, 153]
[72, 151, 137, 193, 42, 45]
[5, 29, 161, 9, 16, 10]
[107, 147, 90, 140, 17, 93]
[27, 166, 18, 79, 46, 170]
[380, 200, 11, 69, 25, 51]
[27, 84, 92, 340, 411, 35]
[28, 14, 153, 520, 67, 5]
[196, 88, 237, 112, 115, 35]
[49, 53, 49, 50, 74, 102]
[65, 102, 194, 75, 497, 178]
[51, 214, 38, 142, 243, 38]
[82, 529, 178, 85, 182, 82]
[135, 106, 422, 192, 270, 330]
[83, 160, 71, 126, 59, 42]
[331, 120, 83, 445, 149, 52]
[28, 71, 159, 46, 17, 84]
[302, 161, 39, 30, 113, 73]
[71, 108, 17, 184, 39, 114]
[42, 64, 27, 9, 45, 87]
[190, 211, 37, 702, 25, 42]
[15, 134, 80, 295, 86, 62]
[89, 13, 34, 34, 177, 103]
[145, 438, 67, 69, 59, 52]
[124, 76, 29, 61, 69, 107]
[144, 21, 78, 148, 10, 97]
[48, 91, 144, 85, 162, 398]
[35, 195, 55, 35, 45, 102]
[1]
[58, 331, 368, 237, 128, 22]
[244, 68, 55, 102, 6, 161]
[383, 102, 31, 270, 171, 39]
[212, 116, 98, 91, 169, 176]
[1]
[105, 179, 240, 211, 83, 80]
[20, 222, 187, 7, 191, 190]
[215, 137, 105, 109, 149, 186]
[100, 139, 209, 261, 116, 115]
[52, 29, 313, 74, 15, 147]
[9, 174, 100, 99, 122, 18]
[67, 144, 139, 82, 61, 129]
[55, 36, 61, 129, 49, 72]
[85, 123, 125, 39, 26, 68]
[67, 554, 73, 75, 59, 189]
[237, 98, 122, 119, 68, 158]
[181, 104, 53, 52, 18, 102]
[127, 47, 15, 157, 137, 177]
[77, 189, 215, 281, 102, 44]
[127, 56, 116, 51, 32, 252]
[43, 38, 195, 98, 58, 318]
[15, 111, 92, 320, 274, 21]
[33, 233, 14, 101, 136, 362]
[171, 147, 18, 121, 167, 18]
[27, 145, 250, 157, 294, 71]
[76, 71, 7, 31, 40, 149]
[51, 238, 43, 51, 187, 19]
[14, 70, 22, 231, 59, 51]
[198, 229, 259, 72, 28, 61]
[80, 68, 217, 147, 355, 97]
[156, 205, 258, 85, 162, 118]
[37, 11, 150, 134, 24, 131]
[169, 41, 83, 23, 13, 48]
[72, 47, 19, 8, 121, 65]
[193, 7, 73, 44, 99, 19]
[373, 91, 45, 77, 69, 162]
[102, 279, 64, 348, 59, 108]
[46, 122, 29, 196, 253, 149]
[262, 43, 10, 11, 60, 13]
[67, 103, 67, 56, 206, 68]
[133, 63, 94, 39, 135, 139]
[109, 151, 135, 81, 105, 99]
[42, 174, 11, 39, 27, 50]
[132, 256, 50, 107, 81, 78]
[86, 51, 27, 44, 128, 336]
[191, 51, 319, 53, 243, 246]
[74, 538, 160, 54, 139, 67]
[178, 217, 9, 385, 28, 85]
[173, 168, 50, 51, 109, 131]
[32, 27, 157, 40, 56, 48]
[130, 73, 34, 72, 57, 59]
[133, 84, 103, 154, 63, 92]
[145, 143, 205, 73, 198, 59]
[84, 80, 201, 84, 113, 62]
[37, 75, 100, 66, 115, 75]
[27, 372, 52, 34, 13, 150]
[40, 44, 70, 171, 20, 92]
[300, 108, 344, 209, 60, 59]
[211, 57, 57, 169, 169, 214]
[77, 121, 51, 184, 108, 160]
[78, 155, 136, 54, 397, 64]
[53, 74, 23, 42, 5, 232]
[377, 97, 35, 55, 9, 146]
[72, 71, 40, 247, 119, 229]
[345, 131, 67, 106, 94, 219]
[91, 111, 64, 41, 535, 50]
[41, 11, 308, 70, 25, 185]
[132, 49, 122, 110, 155, 150]
[61, 202, 69, 74, 60, 65]
[13, 211, 22, 103, 38, 39]
[2, 167, 156, 304, 9, 35]
[317, 75, 112, 278, 96, 37]
[211, 270, 63, 123, 208, 319]
[51, 289, 312, 92, 299, 46]
[126, 93, 181, 23, 107, 152]
[40, 70, 62, 95, 237, 56]
[205, 119, 35, 108, 22, 58]
[153, 7, 24, 219, 31, 236]
[108, 14, 57, 98, 17, 10]
[241, 233, 23, 16, 137, 52]
[47, 50, 55, 50, 11, 63]
[170, 3, 69, 34, 37, 259]
[507, 104, 92, 8, 112, 166]
[8, 53, 256, 147, 52, 9]
[121, 29, 39, 44, 36, 47]
[45, 51, 28, 9, 224, 223]
[147, 5, 30, 63, 123, 193]
[318, 201, 15, 37, 89, 66]
[58, 51, 156, 87, 34, 105]
[225, 28, 28, 39, 303, 475]
[44, 29, 30, 116, 310, 121]
[80, 181, 18, 103, 17, 457]
[119, 31, 145, 59, 73, 99]
[8, 121, 102, 124, 77, 12]
[310, 370, 43, 186, 21, 13]
[67, 13, 501, 164, 99, 47]
[169, 72, 67, 239, 29, 362]
[170, 87, 103, 93, 201, 92]
[137, 250, 92, 79, 205, 125]
[185, 550, 181, 325, 41, 179]
[91, 10, 18, 46, 724, 15]
[16, 25, 327, 135, 62, 79]
[84, 85, 203, 62, 198, 46]
[38, 151, 59, 103, 43, 173]
[45, 221, 38, 49, 61, 57]
[61, 39, 277, 286, 25, 125]
[52, 278, 52, 31, 217, 51]
[254, 146, 100, 131, 73, 20]
[92, 35, 81, 77, 101, 124]
[120, 169, 132, 41, 153, 23]
[61, 62, 93, 22, 61, 76]
[23, 128, 27, 104, 242, 79]
[288, 94, 153, 146, 50, 498]
[71, 92, 28, 144, 44, 26]
[43, 28, 51, 14, 23, 19]
[61, 26, 270, 55, 185, 29]
[15, 331, 33, 121, 42, 106]
[232, 50, 134, 16, 7, 173]
[112, 28, 60, 71, 51, 83]
[154, 202, 24, 131, 38, 65]
[1]
[103, 66, 292, 241, 99, 63]
[74, 86, 201, 196, 79, 49]
[252, 44, 168, 150, 48, 141]
[219, 62, 43, 91, 107, 239]
[253, 30, 119, 88, 184, 111]
[43, 38, 92, 33, 27, 307]
[154, 48, 98, 103, 19, 104]
[487, 194, 80, 25, 170, 103]
[1]
[116, 92, 21, 234, 63, 27]
[156, 35, 192, 82, 59, 67]
[58, 53, 74, 49, 48, 78]
[76, 163, 123, 443, 311, 103]
[53, 318, 77, 183, 63, 222]
[27, 233, 35, 50, 240, 141]
[641, 152, 25, 155, 56, 49]
[83, 37, 199, 287, 56, 49]
[21, 72, 199, 13, 339, 56]
[20, 98, 15, 11, 79, 173]
[14, 230, 35, 88, 102, 192]
[133, 41, 50, 89, 52, 153]
[281, 76, 201, 113, 169, 44]
[47, 86, 158, 141, 60, 85]
[117, 76, 56, 138, 119, 382]
[24, 148, 46, 168, 44, 14]
[280, 34, 77, 73, 33, 53]
[47, 50, 9, 40, 23, 24]
[24, 8, 51, 117, 80, 11]
[37, 31, 32, 256, 75, 214]
[37, 32, 27, 114, 25, 31]
[51, 19, 12, 154, 35, 52]
[48, 6, 232, 76, 64, 305]
[62, 63, 14, 70, 278, 116]
[117, 68, 5, 319, 11, 14]
[36, 147, 7, 17, 60, 388]
[279, 20, 8, 195, 47, 7]
[201, 58, 22, 667, 100, 44]
[60, 53, 83, 100, 43, 101]
[111, 27, 40, 161, 123, 76]
[147, 94, 150, 54, 330, 123]
[265, 130, 151, 262, 58, 275]
[78, 173, 94, 91, 70, 80]
[14, 55, 42, 101, 73, 83]
[11, 56, 40, 17, 231, 211]
[95, 22, 19, 72, 57, 284]
[174, 13, 125, 100, 51, 264]
[41, 80, 272, 159, 164, 420]
[173, 43, 433, 55, 150, 136]
[118, 88, 23, 67, 100, 62]
[90, 160, 55, 173, 26, 175]
[261, 52, 75, 181, 37, 154]
[234, 160, 13, 11, 232, 23]
[148, 98, 131, 206, 48, 207]
[41, 110, 101, 172, 208, 65]
[322, 90, 81, 116, 494, 175]
[50, 481, 199, 49, 61, 186]
[121, 15, 21, 178, 54, 72]
[122, 68, 279, 17, 83, 22]
[50, 155, 59, 27, 52, 104]
[30, 163, 31, 32, 97, 80]
[82, 658, 31, 50, 117, 168]
[315, 364, 135, 42, 114, 31]
[157, 49, 147, 100, 62, 212]
[53, 54, 185, 42, 64, 22]
[53, 166, 60, 475, 77, 435]
[101, 136, 78, 160, 355, 42]
[43, 229, 232, 120, 56, 150]
[38, 105, 256, 40, 301, 179]
[177, 60, 79, 214, 58, 268]
[106, 74, 40, 195, 61, 147]
[261, 157, 52, 462, 132, 195]
[381, 393, 71, 86, 142, 66]
[68, 18, 112, 4, 72, 142]
[1, 218, 146, 35, 391, 289]
[360, 40, 48, 34, 153, 108]
[137, 219, 105, 132, 98, 205]
[68, 21, 71, 300, 218, 16]
[190, 105, 76, 8, 41, 248]
[281, 126, 36, 226, 130, 126]
[73, 223, 69, 26, 124, 49]
[68, 103, 125, 297, 24, 8]
[146, 57, 66, 14, 29, 156]
[1, 6, 358, 38, 170, 112]
[131, 255, 228, 56, 238, 77]
[248, 249, 61, 20, 39, 43]
[28, 238, 63, 25, 39, 47]
[139, 9, 71, 64, 351, 132]
[20, 63, 27, 118, 12, 34]
[73, 127, 51, 83, 218, 146]
[134, 118, 64, 107, 203, 116]
[39, 124, 23, 81, 28, 136]
[31, 7, 248, 194, 111, 100]
[69, 85, 49, 169, 116, 152]
[27, 573, 168, 21, 132, 28]
[201, 184, 77, 147, 129, 220]
[79, 62, 82, 108, 16, 112]
[260, 276, 71, 38, 42, 122]
[56, 52, 150, 364, 51, 86]
[47, 118, 438, 67, 282, 179]
[145, 128, 193, 37, 125, 135]
[148, 135, 66, 77, 143, 76]
[395, 82, 191, 217, 121, 92]
[99, 8, 52, 40, 196, 44]
[195, 143, 76, 30, 26, 81]
[37, 40, 27, 73, 134, 298]
[30, 25, 64, 28, 354, 133]
[110, 307, 154, 137, 294, 201]
[254, 164, 149, 209, 242, 123]
[258, 58, 425, 49, 415, 62]
[133, 125, 276, 194, 40, 140]
[58, 42, 86, 280, 267, 63]
[72, 137, 86, 133, 141, 109]
[1]
[85, 142, 117, 75, 275, 66]
[107, 28, 40, 305, 9, 187]
[129, 85, 68, 41, 69, 11]
[52, 170, 43, 141, 246, 818]
[1]
[132, 101, 81, 81, 73, 141]
[136, 153, 164, 83, 227, 81]
[132, 261, 214, 57, 72, 141]
[83, 61, 115, 293, 106, 28]
[1]
[280, 142, 172, 60, 160, 56]
[637, 103, 270, 150, 250, 138]
[192, 64, 194, 152, 112, 454]
[135, 212, 232, 38, 125, 48]
[79, 19, 28, 81, 19, 130]
[92, 77, 85, 32, 79, 213]
[68, 97, 137, 66, 166, 202]
[112, 26, 30, 28, 5, 100]
[304, 5, 21, 11, 118, 4]
[117, 8, 71, 129, 58, 69]
[34, 13, 59, 95, 222, 22]
[57, 101, 52, 84, 145, 257]
[297, 69, 104, 353, 202, 81]
[36, 36, 79, 27, 490, 269]
[38, 110, 70, 59, 46, 25]
[71, 150, 32, 239, 116, 154]
[43, 17, 37, 18, 149, 51]
[48, 31, 57, 276, 16, 205]
[285, 175, 153, 93, 21, 64]
[156, 59, 49, 58, 148, 54]
[74, 113, 88, 57, 379, 117]
[208, 18, 128, 55, 50, 82]
[157, 38, 69, 66, 198, 109]
[140, 51, 26, 102, 31, 227]
[22, 143, 143, 44, 138, 113]
[20, 202, 90, 99, 37, 140]
[40, 70, 110, 336, 380, 98]
[89, 148, 59, 53, 137, 174]
[446, 424, 119, 302, 162, 102]
[23, 210, 45, 34, 73, 61]
[33, 134, 90, 168, 173, 54]
[48, 291, 38, 23, 79, 61]
[83, 43, 104, 187, 66, 206]
[303, 17, 97, 4, 81, 105]
[119, 22, 10, 70, 10, 27]
[30, 51, 220, 319, 51, 12]
[125, 28, 349, 27, 141, 55]
[1, 38, 52, 52, 23, 131]
[1, 60, 223, 140, 15, 32]
[81, 51, 68, 285, 57, 100]
[73, 112, 45, 104, 90, 85]
[122, 185, 24, 75, 34, 32]
[86, 318, 21, 198, 203, 32]
[153, 151, 231, 131, 22, 144]
[19, 137, 65, 24, 149, 35]
[115, 199, 88, 25, 183, 37]
[91, 73, 105, 66, 77, 65]
[53, 89, 301, 65, 72, 57]
[138, 79, 134, 96, 56, 69]
[508, 60, 72, 189, 114, 89]
[265, 114, 48, 57, 111, 81]
[80, 134, 19, 407, 17, 56]
[189, 155, 16, 119, 34, 197]
[45, 68, 29, 235, 93, 118]
[23, 53, 21, 218, 60, 81]
[105, 49, 88, 91, 87, 156]
[80, 268, 61, 45, 60, 67]
[65, 233, 110, 46, 67, 98]
[44, 108, 40, 157, 100, 71]
[114, 153, 198, 589, 345, 71]
[166, 43, 110, 344, 316, 210]
[96, 67, 47, 163, 112, 114]
[54, 180, 79, 41, 41, 61]
[106, 54, 44, 31, 29, 277]
[21, 52, 27, 544, 229, 196]
[152, 454, 38, 125, 80, 143]
[26, 424, 74, 112, 349, 51]
[66, 110, 156, 115, 89, 120]
[82, 282, 50, 156, 148, 53]
[47, 40, 26, 181, 212, 383]
[87, 123, 179, 38, 93, 46]
[62, 253, 58, 59, 40, 112]
[34, 29, 278, 32, 38, 75]
[330, 105, 89, 190, 49, 93]
[112, 63, 139, 101, 125, 126]
[262, 196, 363, 167, 179, 109]
[191, 288, 105, 105, 116, 146]
[122, 50, 117, 31, 148, 26]
[64, 179, 37, 163, 36, 129]
[31, 24, 28, 311, 253, 100]
[36, 114, 28, 163, 101, 206]
[19, 144, 9, 122, 154, 23]
[56, 8, 14, 37, 149, 113]
[62, 25, 306, 30, 87, 48]
[65, 32, 91, 39, 160, 143]
[1]
[63, 105, 148, 60, 116, 82]
[8, 31, 233, 47, 34, 39]
[129, 216, 143, 84, 47, 60]
[79, 421, 106, 24, 217, 67]
[1]
[67, 224, 357, 34, 201, 228]
[184, 212, 102, 242, 97, 540]
[50, 39, 60, 152, 38, 65]
[99, 47, 38, 30, 398, 241]
[56, 28, 157, 106, 85, 30]
[45, 62, 147, 162, 81, 56]
[96, 198, 106, 124, 67, 119]
[106, 60, 102, 41, 202, 42]
[212, 116, 110, 64, 56, 68]
[228, 21, 44, 164, 229, 43]
[188, 66, 70, 50, 203, 34]
[199, 45, 308, 13, 99, 292]
[48, 128, 375, 227, 593, 195]
[254, 93, 26, 96, 47, 91]
[49, 141, 64, 63, 208, 87]
[200, 184, 31, 103, 34, 84]
[259, 85, 455, 81, 91, 38]
[323, 130, 33, 32, 178, 106]
[146, 46, 66, 101, 136, 22]
[1]
[119, 120, 21, 190, 103, 410]
[57, 13, 75, 56, 159, 83]
[59, 41, 102, 394, 56, 144]
[1, 129, 56, 95, 325, 39]
[182, 50, 108, 130, 35, 51]
[118, 58, 27, 45, 47, 61]
[350, 82, 100, 186, 44, 101]
[99, 84, 431, 87, 50, 180]
[36, 79, 141, 40, 22, 115]
[69, 133, 31, 118, 23, 65]
[40, 89, 24, 249, 246, 25]
[43, 96, 31, 176, 108, 117]
[229, 221, 169, 164, 151, 77]
[112, 89, 243, 234, 231, 163]
[106, 20, 42, 193, 35, 250]
[5, 123, 6, 248, 62, 36]
[40, 25, 48, 204, 79, 54]
[45, 25, 23, 24, 50, 60]
[122, 60, 45, 70, 41, 572]
[84, 107, 21, 211, 64, 32]
[95, 58, 43, 108, 10, 46]
[190, 67, 148, 154, 295, 215]
[58, 84, 56, 89, 262, 61]
[149, 111, 448, 59, 102, 73]
[19, 113, 187, 34, 33, 44]
[37, 160, 103, 32, 73, 68]
[155, 290, 71, 46, 47, 60]
[86, 74, 106, 252, 62, 112]
[59, 297, 23, 53, 174, 150]
[27, 42, 27, 41, 55, 82]
[70, 60, 254, 87, 61, 89]
[241, 27, 240, 124, 102, 304]
[20, 141, 210, 123, 32, 350]
[149, 138, 18, 34, 96, 119]
[250, 81, 62, 113, 32, 72]
[212, 159, 65, 74, 76, 128]
[14, 47, 17, 89, 115, 153]
[41, 201, 42, 97, 86, 151]
[92, 129, 102, 74, 79, 249]
[83, 270, 97, 121, 366, 269]
[286, 188, 260, 23, 25, 9]
[231, 31, 52, 142, 52, 20]
[84, 116, 231, 32, 8, 19]
[140, 152, 116, 97, 411, 75]
[86, 183, 70, 112, 75, 78]
[69, 79, 143, 403, 231, 158]
[37, 14, 51, 35, 27, 51]
[247, 131, 47, 27, 112, 43]
[80, 25, 99, 48, 98, 62]
[70, 233, 59, 100, 41, 78]
[9, 25, 89, 89, 294, 172]
[76, 43, 16, 38, 229, 40]
[204, 144, 51, 14, 36, 89]
[23, 42, 56, 14, 82, 322]
[47, 157, 189, 110, 119, 51]
[221, 294, 220, 105, 32, 40]
[29, 40, 3, 109, 65, 40]
[206, 93, 217, 65, 81, 74]
[60, 97, 158, 331, 116, 241]
[65, 119, 178, 38, 246, 132]
[154, 89, 311, 325, 217, 118]
[450, 96, 150, 57, 39, 81]
[172, 52, 49, 7, 39, 325]
[33, 64, 23, 113, 49, 226]
[11, 113, 74, 14, 250, 103]
[134, 31, 67, 211, 32, 152]
[556, 67, 134, 67, 282, 34]
[413, 124, 155, 87, 224, 355]
[30, 30, 60, 192, 54, 165]
[118, 189, 61, 38, 67, 238]
[28, 22, 200, 101, 83, 237]
[54, 23, 34, 99, 147, 118]
[171, 122, 18, 271, 182, 92]
[92, 73, 67, 14, 85, 25]
[140, 123, 98, 125, 93, 129]
[256, 335, 107, 94, 369, 104]
[72, 234, 12, 255, 162, 51]
[69, 87, 168, 10, 69, 122]
[18, 76, 42, 80, 28, 50]
[427, 142, 77, 148, 12, 34]
[164, 120, 57, 129, 56, 124]
[138, 151, 535, 111, 322, 145]
[174, 49, 51, 65, 145, 94]
[9, 103, 24, 32, 19, 9]
[46, 49, 69, 169, 99, 49]
[54, 765, 92, 280, 105, 133]
[162, 74, 54, 78, 54, 309]
[229, 184, 77, 112, 183, 38]
[53, 226, 637, 63, 79, 173]
[50, 215, 46, 47, 262, 27]
[28, 55, 111, 92, 221, 244]
[61, 180, 247, 135, 147, 41]
[352, 4, 71, 178, 112, 66]
[66, 146, 50, 22, 146, 107]
[203, 144, 44, 98, 39, 294]
[379, 37, 75, 58, 179, 54]
[227, 103, 32, 233, 87, 480]
[54, 70, 52, 368, 6, 33]
[41, 161, 212, 125, 46, 103]
[1]
[1]
[32, 105, 66, 25, 131, 127]
[8, 193, 6, 57, 43, 31]
[41, 30, 7, 72, 309, 80]
[61, 18, 316, 229, 46, 97]
[133, 84, 105, 181, 34, 14]
[311, 212, 29, 57, 236, 176]
[120, 23, 72, 77, 370, 258]
[54, 35, 37, 64, 15, 148]
[247, 178, 54, 192, 386, 133]
[282, 67, 122, 212, 290, 204]
[48, 52, 131, 113, 190, 59]
[46, 129, 62, 136, 38, 209]
[25, 15, 140, 172, 9, 87]
[27, 227, 94, 127, 166, 34]
[260, 37, 82, 235, 63, 95]
[133, 37, 144, 30, 55, 387]
[50, 94, 151, 65, 56, 60]
[126, 144, 41, 94, 191, 41]
[137, 193, 93, 299, 32, 45]
[96, 326, 537, 21, 23, 15]
[310, 71, 13, 67, 129, 61]
[39, 58, 43, 215, 63, 94]
[330, 111, 6, 14, 11, 34]
[53, 171, 148, 134, 91, 115]
[51, 182, 131, 42, 13, 82]
[59, 132, 38, 138, 159, 161]
[187, 149, 125, 12, 109, 101]
[35, 151, 12, 184, 431, 120]
[16, 108, 15, 16, 145, 81]
[34, 41, 104, 30, 71, 78]
[167, 139, 97, 65, 69, 51]
[42, 15, 15, 64, 449, 42]
[237, 51, 290, 29, 216, 345]
[36, 52, 293, 120, 353, 234]
[130, 49, 135, 144, 154, 91]
[59, 58, 207, 201, 235, 358]
[326, 80, 92, 271, 197, 77]
[212, 17, 124, 166, 114, 238]
[38, 45, 63, 298, 152, 28]
[275, 32, 70, 99, 107, 37]
[38, 82, 136, 41, 24, 53]
[147, 392, 224, 31, 265, 89]
[83, 27, 38, 246, 154, 102]
[52, 91, 428, 53, 51, 228]
[181, 148, 42, 13, 244, 14]
[102, 235, 43, 81, 44, 36]
[180, 45, 67, 42, 73, 53]
[215, 53, 52, 82, 129, 120]
[194, 137, 47, 84, 111, 89]
[48, 43, 175, 35, 110, 105]
[334, 30, 228, 116, 249, 52]
[27, 35, 50, 44, 77, 288]
[27, 15, 21, 21, 21, 179]
[82, 85, 142, 32, 42, 32]
[195, 43, 38, 144, 213, 34]
[351, 93, 85, 23, 19, 110]
[95, 40, 209, 157, 184, 30]
[114, 94, 231, 55, 293, 127]
[213, 210, 159, 218, 70, 145]
[65, 67, 121, 326, 137, 48]
[23, 86, 138, 69, 107, 22]
[87, 24, 168, 106, 204, 128]
[102, 194, 127, 52, 25, 53]
[24, 36, 45, 67, 131, 281]
[43, 83, 339, 40, 114, 92]
[171, 45, 84, 50, 133, 108]
[58, 37, 48, 475, 175, 160]
[132, 45, 98, 52, 265, 113]
[216, 205, 75, 179, 265, 20]
[49, 57, 58, 239, 132, 272]
[172, 166, 47, 170, 118, 80]
[115, 60, 27, 14, 36, 432]
[30, 45, 124, 120, 49, 26]
[10, 30, 253, 197, 55, 291]
[33, 310, 58, 44, 145, 289]
[7, 48, 90, 18, 107, 126]
[356, 49, 61, 133, 188, 149]
[28, 146, 59, 35, 129, 85]
[155, 48, 46, 26, 321, 41]
[39, 184, 145, 135, 70, 127]
[93, 271, 44, 148, 42, 118]
[44, 197, 23, 49, 31, 262]
[11, 237, 37, 63, 121, 37]
[241, 19, 39, 54, 102, 53]
[184, 4, 3, 259, 81, 542]
[132, 100, 28, 90, 194, 38]
[179, 33, 37, 153, 93, 135]
[145, 58, 283, 33, 147, 20]
[287, 136, 204, 99, 30, 322]
[55, 49, 83, 20, 61, 30]
[109, 106, 51, 36, 97, 29]
[47, 150, 107, 163, 16, 26]
[106, 14, 79, 205, 62, 143]
[195, 68, 320, 207, 300, 142]
[17, 47, 214, 86, 47, 42]
[88, 25, 153, 168, 65, 39]
[105, 145, 43, 73, 53, 24]
[455, 107, 13, 110, 156, 90]
[72, 14, 83, 229, 152, 80]
[111, 11, 42, 103, 146, 179]
[22, 77, 123, 121, 33, 16]
[59, 49, 132, 475, 30, 42]
[25, 207, 177, 281, 64, 77]
[103, 83, 133, 60, 85, 227]
[151, 56, 322, 89, 152, 30]
[134, 103, 307, 182, 146, 160]
[84, 243, 109, 59, 133, 113]
[68, 65, 189, 77, 142, 235]
[1]
[43, 80, 228, 106, 128, 113]
[311, 496, 205, 92, 27, 79]
[89, 56, 125, 55, 178, 86]
[26, 27, 34, 219, 49, 122]
[131, 101, 30, 29, 81, 158]
[166, 50, 22, 43, 120, 39]
[1]
[40, 279, 73, 138, 53, 110]
[223, 281, 84, 72, 15, 21]
[168, 114, 179, 180, 197, 94]
[307, 375, 44, 41, 197, 62]
[45, 42, 217, 182, 71, 36]
[168, 64, 115, 165, 138, 105]
[151, 73, 333, 46, 61, 395]
[303, 142, 90, 150, 49, 267]
[42, 145, 76, 280, 62, 83]
[107, 16, 285, 45, 69, 123]
[42, 121, 152, 96, 82, 83]
[158, 277, 239, 50, 444, 66]
[123, 148, 459, 189, 198, 99]
[159, 240, 139, 48, 33, 83]
[268, 112, 122, 129, 118, 72]
[143, 96, 205, 42, 183, 29]
[215, 30, 14, 214, 111, 128]
[119, 127, 90, 153, 188, 48]
[72, 309, 117, 57, 37, 111]
[1]
[142, 260, 115, 117, 81, 308]
[206, 176, 398, 111, 331, 312]
[160, 94, 118, 108, 355, 155]
[149, 31, 116, 94, 279, 268]
[1]
[108, 183, 156, 72, 179, 320]
[193, 198, 278, 523, 71, 87]
[15, 45, 57, 27, 54, 15]
[11, 427, 83, 150, 86, 79]
[765, 42, 95, 38, 103, 128]
[87, 203, 143, 237, 176, 46]
[78, 56, 181, 37, 238, 63]
[139, 77, 23, 81, 53, 65]
[25, 62, 372, 39, 76, 42]
[30, 60, 206, 152, 421, 18]
[94, 37, 10, 239, 49, 227]
[167, 56, 15, 83, 30, 30]
[111, 110, 74, 57, 34, 178]
[84, 16, 126, 43, 31, 291]
[218, 71, 160, 123, 75, 38]
[66, 263, 75, 47, 74, 30]
[356, 105, 96, 136, 167, 246]
[184, 98, 145, 183, 169, 69]
[187, 34, 16, 104, 174, 31]
[14, 109, 24, 125, 64, 137]
[156, 6, 42, 72, 48, 367]
[69, 131, 37, 85, 329, 177]
[192, 103, 147, 118, 136, 100]
[146, 140, 157, 193, 47, 114]
[553, 58, 87, 34, 29, 36]
[92, 398, 84, 20, 45, 56]
[224, 26, 115, 43, 456, 44]
[42, 28, 41, 272, 50, 177]
[155, 135, 357, 563, 33, 20]
[321, 213, 34, 28, 102, 273]
[57, 154, 65, 68, 278, 128]
[124, 105, 82, 102, 52, 147]
[58, 1064, 148, 211, 80, 231]
[122, 123, 67, 75, 429, 75]
[16, 27, 62, 84, 103, 8]
[14, 141, 426, 7, 156, 65]
[234, 49, 32, 56, 110, 55]
[24, 173, 52, 150, 107, 73]
[218, 169, 295, 105, 93, 161]
[109, 225, 50, 43, 198, 73]
[72, 34, 52, 62, 33, 53]
[116, 22, 169, 106, 347, 28]
[68, 126, 108, 100, 32, 257]
[36, 188, 454, 125, 132, 18]
[137, 494, 323, 40, 57, 102]
[102, 6, 70, 11, 113, 249]
[172, 104, 65, 609, 46, 46]
[9, 63, 59, 151, 24, 180]
[117, 165, 27, 23, 68, 149]
[54, 133, 259, 114, 37, 240]
[39, 227, 25, 125, 239, 149]
[147, 65, 278, 146, 108, 47]
[43, 214, 175, 66, 110, 47]
[39, 144, 125, 20, 69, 24]
[288, 83, 49, 46, 21, 63]
[351, 278, 28, 174, 26, 32]
[31, 51, 197, 266, 41, 66]
[149, 46, 67, 77, 61, 178]
[111, 238, 284, 35, 557, 113]
[48, 54, 18, 92, 12, 10]
[125, 103, 286, 94, 124, 88]
[110, 174, 182, 50, 75, 48]
[226, 61, 42, 49, 57, 64]
[92, 153, 316, 70, 143, 180]
[85, 67, 279, 185, 77, 99]
[100, 73, 245, 53, 89, 134]
[478, 72, 126, 107, 236, 100]
[92, 78, 537, 220, 119, 129]
[336, 91, 128, 61, 62, 81]
[209, 97, 79, 76, 126, 117]
[522, 28, 20, 28, 74, 34]
[53, 734, 172, 28, 142, 28]
[316, 301, 57, 47, 148, 149]
[11, 13, 298, 21, 118, 89]
[125, 129, 119, 122, 140, 56]
[79, 41, 319, 229, 60, 62]
[140, 145, 289, 57, 51, 32]
[62, 84, 75, 237, 516, 97]
[283, 5, 176, 193, 85, 61]
[158, 139, 99, 79, 153, 5]
[178, 119, 25, 300, 15, 123]
[98, 178, 27, 16, 527, 20]
[267, 140, 17, 142, 55, 127]
[174, 169, 55, 36, 339, 230]
[27, 211, 45, 18, 18, 230]
[18, 418, 255, 34, 294, 392]
